19,1
19,0
18,4
18,3
18,2
18,1
18,0
17,4
17,3
17,2
17,1
17,0
16,4
16,3
16,2
16,1
16,0
15,3
15,2
15,1
15,0
14,3
14,2
14,1
14,0
13,3
13,2
13,1
13,0
12,3
12,2
12,1
12,0
11,5
11,4
11,3
11,2
11,1
11,0
10,5
10,4
10,3
10,2
10,1
10,0
9,6
9,5
9,4
9,3
9,2
9,1
9,0
8,4
8,3
8,2
8,1
8,0
7,4
7,3
7,2
7,1
7,0
6,4
6,3
6,2
6,1
6,0
5,2
4,2
3,6
3,5
4,1
3,4
4,3
3,3
4,0
3,2
3,1
3,0
2,13
2,11
2,10
2,9
2,8
2,7
2,6
2,5
5,1
2,4
5,3
2,2
5,0
1,2
1,1
1,3
0,430
1,0
0,439
0,408
2,1
0,322
2,12
0,243
2,3
2,0
0,9
0,310
0,305
0,308
0,304
0,303
0,302
0,307
0,12
0,429
0,10
0,8
0,0
0,410
0,300
0,409
0,299
0,433
0,298
0,407
0,297
0,406
0,296
0,405
0,295
0,404
0,294
0,432
0,293
0,431
0,292
0,403
0,291
0,402
0,290
0,401
0,289
0,400
0,288
0,399
0,287
0,398
0,286
0,397
0,285
0,396
0,284
0,395
0,283
0,394
0,282
0,393
0,281
0,392
0,280
0,391
0,279
0,390
0,278
0,389
0,277
0,388
0,276
0,387
0,275
0,386
0,274
0,385
19,2
19,3
20,1
20,2
21,0
21,1
21,3
22,0
22,1
22,3
22,4
23,1
23,3
23,4
24,0
24,1
24,3
25,0
25,2
26,0
26,1
26,3
27,0
27,2
28,0
28,1
28,3
28,4
29,1
29,2
29,4
30,1
30,2
31,0
31,1
31,3
32,0
32,1
32,3
32,4
33,0
33,1
33,3
34,0
34,1
34,3
34,4
35,1
35,3
35,4
36,1
36,2
36,4
37,0
37,1
37,3
37,4
38,1
38,2
38,4
39,1
39,2
39,4
40,0
40,2
40,4
41,0
41,2
41,3
42,0
42,1
42,3
43,1
43,2
44,0
44,1
44,3
44,5
44,6
45,0
45,1
45,3
45,4
45,6
45,8
46,0
46,2
46,3
47,0
47,2
47,3
47,5
47,6
48,0
48,2
48,3
48,5
48,6
48,8
49,0
49,2
50,0
50,1
50,3
50,4
50,6
51,1
51,2
51,4
51,5
51,7
52,0
52,2
52,4
52,5
52,7
53,0
53,2
53,4
54,0
54,2
54,3
55,1
55,2
55,4
55,6
56,0
56,2
56,3
57,0
57,2
57,3
57,5
57,6
58,0
58,1
58,3
59,0
59,1
59,3
59,4
59,6
60,0
60,1
60,3
60,4
60,6
61,0
61,1
61,3
61,4
62,1
62,2
62,4
63,1
63,2
63,4
64,0
64,2
64,4
65,0
65,2
65,3
65,5
65,6
66,0
66,2
66,3
66,5
66,4
66,1
65,7
65,4
65,1
64,3
64,1
63,3
63,0
62,3
62,0
61,2
60,7
60,5
60,2
59,7
59,5
59,2
58,4
58,2
57,7
57,4
57,1
56,4
56,1
55,5
55,3
55,0
54,1
53,3
53,1
52,6
52,3
52,1
51,6
51,3
51,0
50,5
50,2
49,3
49,1
48,7
48,4
48,1
47,7
47,4
47,1
46,4
46,1
45,7
45,5
45,2
44,7
44,4
44,2
43,3
43,0
42,2
41,4
41,1
40,3
40,1
39,3
39,0
38,3
38,0
37,2
36,5
36,3
36,0
35,2
35,0
34,2
33,4
33,2
32,5
32,2
31,4
31,2
30,3
30,0
29,3
29,0
28,2
27,3
27,1
26,2
25,3
25,1
24,2
23,5
23,2
23,0
22,2
21,4
21,2
20,3
20,0
0,273
0,384
0,272
0,383
0,271
0,382
0,270
0,381
0,269
0,380
0,268
0,438
0,267
0,379
0,266
0,378
0,265
0,377
0,264
0,376
0,263
0,428
0,262
0,437
0,261
0,375
0,260
0,374
0,259
0,373
0,258
0,372
0,257
0,436
0,256
0,440
0,255
0,371
0,254
0,370
0,253
0,369
0,252
0,368
0,251
0,427
0,250
0,367
0,249
0,366
0,248
0,365
0,247
0,364
0,246
0,426
0,245
0,425
0,244
0,363
0,242
0,362
0,241
0,361
0,240
0,360
0,239
0,424
0,238
0,359
0,237
0,358
0,236
0,357
0,235
0,356
0,234
0,423
0,233
0,422
0,232
0,355
0,231
0,354
0,230
0,353
0,229
0,352
0,228
0,421
0,227
0,420
0,226
0,351
0,225
0,350
0,224
0,349
0,223
0,348
0,222
0,419
0,221
0,418
0,220
0,347
0,219
0,346
0,218
0,345
0,217
0,344
0,216
0,417
0,215
0,343
0,214
0,342
0,213
0,341
0,212
0,340
0,211
0,416
0,210
0,435
0,209
0,339
0,208
0,338
0,207
0,337
0,206
0,336
0,205
0,415
0,204
0,335
0,203
0,334
0,202
0,333
0,201
0,332
0,200
0,414
0,199
0,434
0,198
0,331
0,197
0,330
0,196
0,329
0,195
0,328
0,194
0,327
0,193
0,326
0,192
0,413
0,63
0,325
0,62
0,324
0,61
0,323
0,60
0,321
0,59
0,412
0,58
0,411
0,57
0,320
0,56
0,319
0,55
0,318
0,54
0,317
0,53
0,316
0,52
0,315
0,51
0,314
0,50
0,313
0,49
0,312
0,48
0,311
0,47
0,309
0,46
0,306
0,45
0,301
0,6
0,5
0,1
0,11
0,4
0,2
0,3
0,7
